# Этот файл содержит всю информацию об автомобильных цветах. Есть две
# секции: col, которая содержит таблицу цветов, и car, которая содержит
# возможные индексы в цветовой таблице для каждого автомобиля (не более 8)
#



col
0,0,0				# 0 (чёрный)
255,255,255		# 1 (белый)
64,64,64			# 2 (серый 1)
128,128,128		# 3 (серый 2)
160,160,160		# 4 (серый 3)
192,192,192		# 5 (серый 4)
128,192,192		# 6 (серый 5)
64,0,0			# 7 (красный 1)
128,0,0			# 8 (красный 2)
192,0,0			# 9 (красный 3)
255,0,0			# 10 (красный 4)
255,64,64			# 11 (красный 5)
64,32,0			# 12 (оранжевый 1)
128,64,53			# 13 (оранжевый 2)
192,96,0			# 14 (оранжевый 3)
255,128,0			# 15 (оранжевый 4)
255,64,0			# 16 (оранжевый 5)
64,64,0			# 17 (жёлтый 1)
128,128,0			# 18 (жёлтый 2)
192,192,0			# 19 (жёлтый 3)
255,255,0			# 20 (жёлтый 4)
255,255,128		# 21 (жёлтый 5)
0,64,0			# 22 (зелёный 1)
0,128,0			# 23 (зелёный 2)
0,192,0			# 24 (зелёный 3)
0,224,0			# 25 (зелёный 4)
64,255,64			# 26 (зелёный 5)
0,32,64			# 27 (голубой 1)
0,64,128			# 28 (голубой 2)
0,96,192			# 29 (голубой 3)
0,128,255			# 30 (голубой 4)
64,192,255			# 31 (голубой 5)
0,0,64			# 32 (синий 1)
0,0,128			# 33 (синий 2)
0,0,192			# 34 (синий 3)
0,0,255			# 35 (синий 4)
64,64,255			# 36 (синий 5)
32,0,64			# 37 (сиреневый 1)
64,0,128			# 38 (сиреневый 2)
96,0,192			# 39 (сиреневый 3)
128,0,255			# 40 (сиреневый 4)
64,0,255			# 41 (сиреневый 5)
64,0,32			# 42 (фиолетовый 1)
128,0,64			# 43 (фиолетовый 2)
192,0,96			# 44 (фиолетовый 3)
255,0,128			# 45 (фиолетовый 4)
255,0,64			# 46 (фиолетовый 5)
255,0,255			# 47 (розовый)



end
car
admiral, 0,0, 1,0, 3,0, 10,0, 20,0, 24,0, 30,0, 35,0
ambulan, 1,8
angel, 1,1
baggage, 1,1, 20,20
banshee, 0,0, 1,1, 4,4, 10,10, 20,20, 25,25, 30,30, 35,35
barracks, 0,0
benson, 6,1, 9,1, 14,1, 19,1, 24,1, 29,1, 34,1, 39,1
bfinject, 0,0, 9,9, 14,14, 19,19, 24,24, 29,29, 34,34, 39,39
blistac, 6,6, 9,9, 14,14, 19,19, 24,24, 29,29, 34,34, 39,39
bloodra, 18,23
bloodrb, 18,23
bobcat, 1,4, 1,11, 1,16, 1,21, 1,26, 1,31, 1,36, 1,46
boxville, 4,1, 11,1, 16,1, 21,1, 26,1, 31,1, 36,1, 41,1
burrito, 0,0, 1,1, 6,6, 10,10, 20,20, 25,25, 35,35, 40,40
bus, 6,6, 9,9, 14,14, 19,19, 24,24, 29,29, 34,34
cabbie, 1,1
caddy, 0,1, 5,1, 11,1, 16,1, 21,1, 26,1, 36,1, 41,1
cheetah, 0,0, 1,1, 10,10, 20,20, 24,24, 30,30, 35,35, 45,45
coach, 1,1, 15,15, 20,20, 25,25, 30,30, 40,40
coastg, 1,8
comet, 0,0, 1,1, 4,4, 10,10, 20,20, 24,24, 30,30, 35,35
cuban, 0,0
deaddodo, 0,0, 1,1
deluxo, 0,0, 1,1, 10,10, 20,20, 25,25, 35,35, 40,40, 45,45
dinghy, 0,1, 7,1, 12,1, 17,1, 22,1, 27,1, 32,1, 37,1
enforcer, 30,1, 0,1
esperant, 0,1, 1,1, 10,1, 20,1, 24,1, 30,1, 35,1, 45,1
faggio, 9,9, 14,14, 19,19, 24,24, 29,29, 34,34, 39,39, 45,45
fbicar, 0,1
fbiranch, 0,1
firetruk, 8,1
flatbed, 1,1
freeway, 0,0, 1,1, 9,9, 19,19, 24,24, 29,29, 34,34, 44,44
gangbur, 7,7
glendale, 0,1, 11,1, 16,1, 21,1, 26,1, 31,1, 36,1, 41,1
greenwoo, 0,1, 9,1, 14,1, 19,1, 24,1, 29,1, 34,1, 44,1
hermes, 0,0, 1,1, 8,8, 18,18, 23,23, 28,28, 33,33, 38,38
hotrina, 0,0, 10,10, 20,20, 25,25, 30,30, 35,35, 45,45, 47,47
hotrinb, 0,0, 10,10, 20,20, 25,25, 30,30, 35,35, 45,45, 47,47
hotring, 0,0, 10,10, 20,20, 25,25, 30,30, 35,35, 45,45, 47,47
hunter, 0,1
idaho, 0,1, 1,1, 11,1, 21,1, 26,1, 31,1, 36,1, 46,1
infernus, 0,0, 1,1, 10,10, 20,20, 24,24, 30,30, 35,35, 45,45
jetmax, 0,1, 1,1, 10,1, 15,1, 20,1, 30,1, 35,1, 40,1
kaufman, 0,1
landstal, 0,0, 9,9, 14,14, 19,19, 24,24, 29,29, 34,34, 39,39
linerun, 3,1, 7,1, 12,1, 22,1, 27,1, 32,1, 37,1, 42,1
lovefist, 0,0, 7,7
manana, 1,0, 1,3, 1,11, 1,16, 1,26, 1,36, 1,41
marquis, 1,1, 13,13, 18,18, 23,23, 28,28, 33,33, 43,43
maverick, 0,1, 1,1, 10,1, 15,1, 20,1, 25,1, 30,1, 36,1
mesa, 0,0, 1,1, 9,9, 19,19, 24,24, 29,29, 34,34, 44,44
moonbeam, 0,0, 1,1, 4,4, 13,13, 18,18, 23,23, 33,33, 38,38
mrwhoop, 33,8, 8,33
mule, 3,1, 7,1, 12,1, 17,1, 22,1, 27,1, 32,1, 37,1
oceanic, 9,1, 14,1, 19,1, 24,1, 29,1, 35,1, 39,1, 45,1
packer, 8,8, 13,13, 18,18, 23,23, 33,33, 38,38, 43,43
patriot, 0,0
pcj600, 0,1, 10,1, 20,1, 25,1, 30,1, 35,1, 40,1, 45,1
peren, 0,0, 1,1, 9,9, 14,14, 24,24, 29,29, 34,34, 39,39
pheonix, 0,1, 1,1, 3,1, 9,1, 24,1, 29,1, 34,1, 39,1
pizzaboy, 9,19, 19,9
police, 30,1, 0,1
polmav, 30,1, 0,1
pony, 0,0, 1,1, 6,6, 15,15, 24,24, 30,30, 35,35, 40,40
predator, 0,0, 30,30, 23,23
rancher, 0,1, 6,6, 11,11, 21,1, 26,26, 31,31, 36,1, 46,1
rcbandit, 0,1
rcbaron, 0,1
rcraider, 0,1
rcgoblin, 0,1
reefer, 1,1
regina, 0,0, 1,0, 1,11, 21,21, 1,26, 31,31, 1,36, 1,41
rio, 0,1, 13,1, 16,1, 21,1, 26,1, 31,1, 36,1, 41,1
romero, 0,0
rumpo, 0,0, 1,1, 6,6, 9,9, 14,14, 19,19, 24,24, 34,34, 39,39
sabre, 0,0, 1,1, 6,6, 10,10, 20,20, 24,24, 30,30, 35,35, 40,40
sabretur, 1,1
sanchez, 0,1, 1,1, 8,1, 20,1, 25,1, 30,1, 35,1, 40,1
sandking, 20,25
seaspar, 4,4
securica, 1,1
sentinel, 0,0, 1,1, 4,4, 10,10, 20,20, 24,24, 35,35, 40,40
sentxs, 0,0, 1,1, 4,4, 10,10, 20,20, 24,24, 35,35, 45,45
skimmer, 1,1, 11,1, 21,1, 26,1, 31,1, 36,1, 46,1
spand, 14,0, 19,0, 30,0
sparrow, 4,4
speeder, 0,1, 1,1, 10,1, 15,1, 25,1, 30,1, 35,1, 40,1
squalo, 0,1, 1,1, 10,1, 15,1, 20,1, 25,1, 35,1, 40,1
stallion, 0,1, 11,1, 21,1, 26,1, 31,1, 36,1, 41,1
stinger, 0,0, 1,1, 3,3, 10,10, 24,24, 30,30, 35,35, 45,45
stretch, 0,0, 1,1, 4,4, 27,27, 32,32, 42,42
taxi, 1,1
topfun, 1,1
trash, 4,4
tropic, 0,1
vcnmav, 1,1
vicechee, 0,1
virgo, 0,1, 1,1, 10,1, 20,1, 24,1, 30,1, 35,1, 45,1
voodoo, 7,1
walton, 6,6, 8,8, 13,13, 23,23, 33,33, 38,38, 43,43
washing, 0,0, 1,1, 3,3, 10,10, 20,20, 24,24, 30,30, 35,35
yankee, 6,1, 7,1, 12,1, 17,1, 22,1, 32,1, 37,1, 42,1
zebra, 1,1

end
